0.000000 12.6688
0.041708 3.91198
0.083417 3.90631
0.125125 3.85018
0.166834 3.87264
0.208542 10.5809
0.250250 3.89677
0.291959 3.82111
0.333667 3.84
0.375375 3.79115
0.417084 9.88301
0.458792 3.84002
0.500501 3.75148
0.542209 3.71038
0.583917 3.73005
0.625626 9.66241
0.667334 3.76782
0.709042 3.70891
0.750751 3.72285
0.792459 3.68825
0.834168 10.1732
0.875876 3.73358
0.917584 3.73367
0.959293 3.69351
1.001001 3.68474
1.042709 9.65617
1.084418 3.74656
1.126126 3.69277
1.167835 3.71403
1.209543 3.68505
1.251251 11.1186
1.292960 3.7516
1.334668 3.75568
1.376376 3.71284
1.418085 3.73691
1.459793 10.03
1.501502 3.69697
1.543210 3.66777
1.584918 3.68463
1.626627 3.66039
1.668335 12.1711
1.710043 3.74786
1.751752 3.74517
1.793460 3.70816
1.835169 3.74114
1.876877 12.5564
1.918585 3.80428
1.960294 3.75022
2.002002 3.74552
2.043710 3.72752
2.085419 11.7944
2.127127 3.83044
2.168836 3.8447
2.210544 3.81093
2.252252 3.84208
2.293961 10.2854
2.335669 3.90467
2.377377 3.83
2.419086 3.84884
2.460794 3.81217
2.502503 10.7192
2.544211 3.88783
2.585919 3.89323
2.627628 3.85099
2.669336 3.87591
2.711044 17.7481
2.752753 3.94088
2.794461 3.85902
2.836170 3.87744
2.877878 3.83716
2.919586 12.0401
2.961295 3.91947
3.003003 3.85157
3.044711 3.82268
3.086420 3.84722
3.128128 14.403
3.169837 3.95788
3.211545 3.88519
3.253253 3.89792
3.294962 3.8551
3.336670 11.3312
3.378378 3.91223
3.420087 3.91301
3.461795 3.86919
3.503504 3.84145
3.545212 10.4065
3.586920 3.88794
3.628629 3.83316
3.670337 3.86584
3.712045 3.83297
3.753754 10.5906
3.795462 3.91512
3.837171 3.92224
3.878879 3.87197
3.920587 3.89722
3.962296 13.1502
4.004004 3.85536
4.045712 3.8276
4.087421 3.85612
4.129129 3.8311
4.170838 12.1384
4.212546 3.91782
4.254254 3.9134
4.295963 3.87711
4.337671 3.91063
4.379379 12.7491
4.421088 3.95265
4.462796 3.89316
4.504505 3.9001
4.546213 3.87019
4.587921 11.2504
4.629630 3.95444
4.671338 3.96691
4.713046 3.92631
4.754755 3.958
4.796463 12.4178
4.838172 4.13779
4.879880 4.06935
4.921588 4.09829
4.963297 4.05914
5.005005 10.4772
5.046713 4.14843
5.088422 4.16086
5.130130 4.11385
5.171839 4.14326
5.213547 10.4617
5.255255 4.16154
5.296964 4.10781
5.338672 4.13385
5.380380 4.09312
5.422089 12.2206
5.463797 4.12816
5.505506 4.09977
5.547214 4.07088
5.588922 4.08593
5.630631 9.90318
5.672339 4.09648
5.714047 4.03968
5.755756 4.05299
5.797464 4.01727
5.839173 10.9296
5.880881 3.99496
5.922589 3.99581
5.964298 3.93322
6.006006 3.88433
6.047714 9.53355
6.089423 3.92326
6.131131 3.86515
6.172840 3.89216
6.214548 3.85037
6.256256 9.32268
6.297965 3.90974
6.339673 3.92551
6.381381 3.87779
6.423090 3.90671
6.464798 9.18869
6.506507 3.89356
6.548215 3.86818
6.589923 3.8905
6.631632 3.8801
6.673340 10.2714
6.715048 3.94143
6.756757 3.95245
6.798465 3.91441
6.840174 3.94698
6.881882 9.90788
6.923590 3.96741
6.965299 3.91658
7.007007 3.93541
7.048715 3.91258
7.090424 9.44967
7.132132 3.96613
7.173841 3.97891
7.215549 3.93945
7.257257 3.96851
7.298966 8.96086
7.340674 3.98621
7.382382 3.94721
7.424091 3.97385
7.465799 3.94305
7.507508 7.07497
7.549216 3.96693
7.590924 3.97946
7.632633 3.9489
7.674341 3.96808
7.716049 8.8722
7.757758 3.97741
7.799466 3.94459
7.841175 3.97346
7.882883 3.9517
7.924591 8.94029
7.966300 3.99587
8.008008 3.97598
8.049716 3.95534
8.091425 3.98589
8.133133 8.18337
8.174842 4.01765
8.216550 3.97532
8.258258 3.99956
8.299967 3.97322
8.341675 8.59412
8.383383 4.01981
8.425092 4.04211
8.466800 4.0092
8.508509 4.02095
8.550217 9.18823
8.591925 4.04702
8.633634 4.01063
8.675342 4.03973
8.717050 4.01275
8.758759 10.6278
8.800467 4.05583
8.842176 4.07156
8.883884 4.0324
8.925592 4.06356
8.967301 9.0715
9.009009 4.03315
9.050717 4.01316
9.092426 4.04908
9.134134 3.52575
9.175843 8.71999
9.217551 3.57408
9.259259 3.57453
9.300968 3.54423
9.342676 3.55864
9.384384 8.69075
9.426093 3.58794
9.467801 3.54594
9.509510 3.53827
9.551218 3.52212
9.592926 10.2534
9.634635 3.58841
9.676343 3.58608
9.718051 3.56173
9.759760 3.57718
9.801468 10.1905
9.843177 3.59989
9.884885 3.5598
9.926593 3.57063
9.968302 3.54938
10.010010 9.39491
10.051718 3.58912
10.093427 3.59023
10.135135 3.60734
10.176844 3.61857
10.218552 8.74858
10.260260 3.63118
10.301969 3.59822
10.343677 3.60754
10.385385 3.58809
10.427094 8.11876
10.468802 3.62287
10.510511 3.60336
10.552219 3.59298
10.593927 3.60191
10.635636 7.59773
10.677344 3.6374
10.719052 3.61388
10.760761 3.61905
10.802469 3.60349
10.844178 8.16768
10.885886 3.63552
10.927594 3.63489
10.969303 3.61465
11.011011 3.60256
11.052719 8.10622
11.094428 3.62863
11.136136 3.59207
11.177845 3.58558
11.219553 3.56645
11.261261 8.01546
11.302970 3.59308
11.344678 3.59333
11.386386 3.57605
11.428095 3.58625
11.469803 8.751
11.511512 3.55203
11.553220 3.54243
11.594928 3.54302
11.636637 3.53142
11.678345 8.12185
11.720053 3.58438
11.761762 3.58534
11.803470 3.56953
11.845179 3.57462
11.886887 8.30373
11.928595 3.6022
11.970304 3.58542
12.012012 3.55357
12.053720 3.53787
12.095429 7.20755
12.137137 3.59305
12.178846 3.59363
12.220554 3.56471
12.262262 3.57579
12.303971 8.10243
12.345679 3.63566
12.387387 3.61114
12.429096 3.62147
12.470804 3.62938
12.512513 8.2403
12.554221 3.66521
12.595929 3.66376
12.637638 3.65148
12.679346 3.66349
12.721054 8.36093
12.762763 3.68312
12.804471 3.65051
12.846180 3.65489
12.887888 3.63841
12.929596 8.684
12.971305 3.69247
13.013013 3.65707
13.054721 3.64111
13.096430 3.64462
13.138138 8.89319
13.179847 3.69165
13.221555 3.65595
13.263263 3.6629
13.304972 3.64519
13.346680 8.9359
13.388388 3.68816
13.430097 3.68721
13.471805 3.66898
13.513514 3.6594
13.555222 10.1735
13.596930 3.7105
13.638639 3.68664
13.680347 3.68176
13.722055 3.66924
13.763764 16.9817
13.805472 3.77223
13.847181 3.74962
13.888889 3.70887
13.930597 3.71109
13.972306 7.34762
14.014014 3.70704
14.055722 3.68654
14.097431 3.69466
14.139139 3.68038
14.180848 8.40477
14.222556 3.73314
14.264264 3.73671
14.305973 3.70114
14.347681 3.71044
14.389389 9.94496
14.431098 3.74545
14.472806 3.71821
14.514515 3.7077
14.556223 3.6938
14.597931 9.28278
14.639640 3.73133
14.681348 3.72845
14.723056 3.70282
14.764765 3.7142
14.806473 9.78097
14.848182 3.74384
14.889890 3.69855
14.931598 3.71188
14.973307 3.69804
15.015015 9.10514
15.056723 3.75587
15.098432 3.74356
15.140140 3.72175
15.181849 3.73228
15.223557 8.67451
15.265265 3.75849
15.306974 3.7238
15.348682 3.7322
15.390390 3.70913
15.432099 8.99603
15.473807 3.72986
15.515516 3.67561
15.557224 3.65539
15.598932 3.6686
15.640641 8.99599
15.682349 3.71203
15.724057 3.67726
15.765766 3.68644
15.807474 3.66285
15.849183 8.38752
15.890891 3.70637
15.932599 3.70932
15.974308 3.67925
16.016016 3.66723
16.057724 8.62215
16.099433 3.69309
16.141141 3.65661
16.182850 3.66978
16.224558 3.64765
16.266266 8.66767
16.307975 3.70216
16.349683 3.71017
16.391391 3.67478
16.433100 3.69196
16.474808 7.82114
16.516517 3.6748
16.558225 3.66103
16.599933 3.67496
16.641642 3.65449
16.683350 8.59469
16.725058 3.70546
16.766767 3.72299
16.808475 3.70147
16.850184 3.71521
16.891892 8.37652
16.933600 3.74523
16.975309 3.71525
17.017017 3.69431
17.058725 3.67867
17.100434 8.93486
17.142142 3.72538
17.183851 3.72795
17.225559 3.69162
17.267267 3.70879
17.308976 9.05975
17.350684 3.71692
17.392392 3.67497
17.434101 3.69207
17.475809 3.67004
17.517518 8.20401
17.559226 3.68632
17.600934 3.68742
17.642643 3.66245
17.684351 3.68149
17.726059 8.8307
17.767768 3.69145
17.809476 3.64963
17.851185 3.66754
17.892893 3.64667
17.934601 8.96523
17.976310 3.69268
18.018018 3.66823
18.059726 3.64974
18.101435 3.66653
18.143143 7.93945
18.184852 3.70093
18.226560 3.66241
18.268268 3.68293
18.309977 3.65314
18.351685 8.12079
18.393393 3.69973
18.435102 3.71409
18.476810 3.68058
18.518519 3.67523
18.560227 10.3933
18.601935 3.71123
18.643644 3.67272
18.685352 3.68814
18.727060 3.66228
18.768769 8.94143
18.810477 3.71707
18.852186 3.72278
18.893894 3.69269
18.935602 3.7179
18.977311 9.45935
19.019019 3.69197
19.060727 3.6704
19.102436 3.66866
19.144144 3.64823
19.185853 8.46843
19.227561 3.67869
19.269269 3.68865
19.310978 3.65581
19.352686 3.67463
19.394394 9.06201
19.436103 3.69782
19.477811 3.65891
19.519520 3.63479
19.561228 3.61606
19.602936 9.33939
19.644645 3.66154
19.686353 3.66706
19.728061 3.6371
19.769770 3.65843
19.811478 8.00054
19.853187 3.67725
19.894895 3.64768
19.936603 3.66714
19.978312 3.64767
